Sample Number,Value
1,40.224697
2,40.224697
3,40.224697
4,40.410759
5,40.410759
6,40.410759
7,40.410759
8,40.410759
9,40.410759
10,40.410759
11,40.410759
12,40.410759
13,40.410759
14,40.410759
15,40.410759
16,40.410759
17,40.410759
18,40.410759
19,40.410759
20,40.410759
21,40.410759
22,40.410759
23,42.944595
24,42.944595
25,42.944595
26,42.944595
27,42.944595
28,42.944595
29,42.944595
30,42.944595
31,42.944595
32,42.944595
33,42.944595
34,42.944595
35,42.944595
36,42.944595
37,42.944595
38,42.944595
39,42.944595
40,42.944595
41,47.205845
42,47.205845
43,47.205845
44,47.205845
45,47.205845
46,47.205845
47,47.205845
48,47.205845
49,47.205845
50,47.205845
51,47.205845
52,50.0
53,50.0
54,50.0
55,50.0
56,50.0
57,50.0
58,50.0
59,50.0
60,50.0
61,50.0
62,50.0
63,50.0
64,50.0
65,50.0
66,50.0
67,50.0
68,50.0
69,50.0
70,50.0
71,54.794254
72,54.794254
73,54.794254
74,54.794254
75,54.794254
76,54.794254
77,54.794254
78,54.794254
79,54.794254
80,54.794254
81,54.794254
82,54.794254
83,54.794254
84,54.794254
85,54.794254
86,54.794254
87,54.794254
88,54.794254
89,58.414711
90,58.414711
91,58.414711
92,58.414711
93,58.414711
94,58.414711
95,58.414711
96,58.414711
97,58.414711
98,58.414711
99,58.414711
100,58.414711
101,58.414711
102,58.414711
103,58.414711
104,58.414711
105,58.414711
106,58.414711
107,58.414711
108,59.974949
109,59.974949
110,59.974949
111,59.974949
112,59.974949
113,59.974949
114,59.974949
115,59.974949
116,59.974949
117,59.974949
118,59.974949
119,59.974949
120,59.974949
121,59.974949
122,59.974949
123,59.974949
124,59.974949
125,59.974949
126,59.092976
127,59.092976
128,59.092976
129,59.092976
130,59.092976
131,59.092976
132,59.092976
133,59.092976
134,59.092976
135,59.092976
136,59.092976
137,59.092976
138,59.092976
139,59.092976
140,59.092976
141,59.092976
142,59.092976
143,59.092976
144,55.984722
145,55.984722
146,55.984722
147,55.984722
148,55.984722
149,55.984722
150,55.984722
151,55.984722
152,55.984722
153,55.984722
154,55.984722
155,55.984722
156,55.984722
157,55.984722
158,55.984722
159,55.984722
160,55.984722
161,55.984722
162,55.984722
163,51.411201
164,51.411201
165,51.411201
166,51.411201
167,51.411201
168,51.411201
169,51.411201
170,51.411201
171,51.411201
172,51.411201
173,51.411201
174,51.411201
175,51.411201
176,51.411201
177,51.411201
178,51.411201
179,51.411201
180,51.411201
181,51.411201
182,46.492168
183,46.492168
184,46.492168
185,46.492168
186,46.492168
187,46.492168
188,46.492168
189,46.492168
190,46.492168
191,46.492168
192,46.492168
193,46.492168
194,46.492168
195,46.492168
196,46.492168
197,46.492168
198,46.492168
199,46.492168
200,42.431976
201,42.431976
202,42.431976
203,42.431976
204,42.431976
205,42.431976
206,42.431976
207,42.431976
208,42.431976
209,42.431976
210,42.431976
211,42.431976
212,42.431976
213,42.431976
214,42.431976
215,42.431976
216,42.431976
217,42.431976
218,42.431976
219,40.224697
220,40.224697
221,40.224697
222,40.224697
223,40.224697
224,40.224697
225,40.224697
226,40.224697
227,40.224697
228,40.224697
229,40.224697
230,40.224697
231,40.224697
232,40.224697
233,40.224697
234,40.224697
235,40.224697
236,40.224697
237,40.224697
238,40.410759
239,40.410759
240,40.410759
241,40.410759
242,40.410759
243,40.410759
244,40.410759
245,40.410759
246,40.410759
247,40.410759
248,40.410759
249,40.410759
250,40.410759
251,40.410759
252,40.410759
253,40.410759
254,40.410759
255,40.410759
256,40.410759
257,42.944595
258,42.944595
259,42.944595
260,42.944595
261,42.944595
262,42.944595
263,42.944595
264,42.944595
265,42.944595
266,42.944595
267,42.944595
268,42.944595
269,42.944595
270,42.944595
271,42.944595
272,42.944595
273,42.944595
274,42.944595
275,47.205845
276,47.205845
277,47.205845
278,47.205845
279,47.205845
280,47.205845
281,47.205845
282,47.205845
283,47.205845
284,47.205845
285,47.205845
286,50.0
287,50.0
288,50.0
289,50.0
290,50.0
291,50.0
292,50.0
293,50.0
294,50.0
295,50.0
296,50.0
297,50.0
298,50.0
299,50.0
300,50.0
301,50.0
302,50.0
303,50.0
304,50.0
305,54.794254
306,54.794254
307,54.794254
308,54.794254
309,54.794254
310,54.794254
311,54.794254
312,54.794254
313,54.794254
314,54.794254
315,54.794254
316,54.794254
317,54.794254
318,54.794254
319,54.794254
320,54.794254
321,54.794254
322,54.794254
323,58.414711
324,58.414711
325,58.414711
326,58.414711
327,58.414711
328,58.414711
329,58.414711
330,58.414711
331,58.414711
332,58.414711
333,58.414711
334,58.414711
335,58.414711
336,58.414711
337,58.414711
338,58.414711
339,58.414711
340,58.414711
341,58.414711
342,59.974949
343,59.974949
344,59.974949
345,59.974949
346,59.974949
347,59.974949
348,59.974949
349,59.974949
350,59.974949
351,59.974949
352,59.974949
353,59.974949
354,59.974949
355,59.974949
356,59.974949
357,59.974949
358,59.974949
359,59.974949
360,59.092976
361,59.092976
362,59.092976
363,59.092976
364,59.092976
365,59.092976
366,59.092976
367,59.092976
368,59.092976
369,59.092976
370,59.092976
371,59.092976
372,59.092976
373,59.092976
374,59.092976
375,59.092976
376,59.092976
377,59.092976
378,59.092976
379,55.984722
380,55.984722
381,55.984722
382,55.984722
383,55.984722
384,55.984722
385,55.984722
386,55.984722
387,55.984722
388,55.984722
389,55.984722
390,55.984722
391,55.984722
392,55.984722
393,55.984722
394,55.984722
395,55.984722
396,55.984722
397,51.411201
398,51.411201
399,51.411201
400,51.411201
401,51.411201
402,51.411201
403,51.411201
404,51.411201
405,51.411201
406,51.411201
407,51.411201
408,51.411201
409,51.411201
410,51.411201
411,51.411201
412,51.411201
413,51.411201
414,51.411201
415,51.411201
416,46.492168
417,46.492168
418,46.492168
419,46.492168
420,46.492168
421,46.492168
422,46.492168
423,46.492168
424,46.492168
425,46.492168
426,46.492168
427,46.492168
428,46.492168
429,46.492168
430,46.492168
431,46.492168
432,46.492168
433,46.492168
434,46.492168
435,42.431976
436,42.431976
437,42.431976
438,42.431976
439,42.431976
440,42.431976
441,42.431976
442,42.431976
443,42.431976
444,42.431976
445,42.431976
446,42.431976
447,42.431976
448,42.431976
449,42.431976
450,42.431976
451,42.431976
452,42.431976
453,40.224697
454,40.224697
455,40.224697
456,40.224697
457,40.224697
458,40.224697
459,40.224697
460,40.224697
461,40.224697
462,40.224697
463,40.224697
464,40.224697
465,40.224697
466,40.224697
467,40.224697
468,40.224697
469,40.224697
470,40.224697
471,40.224697
472,40.410759
473,40.410759
474,40.410759
475,40.410759
476,40.410759
477,40.410759
478,40.410759
479,40.410759
480,40.410759
481,40.410759
482,40.410759
483,40.410759
484,40.410759
485,40.410759
486,40.410759
487,40.410759
488,40.410759
489,40.410759
490,40.410759
491,42.944595
492,42.944595
493,42.944595
494,42.944595
495,42.944595
496,42.944595
497,42.944595
498,42.944595
499,42.944595
500,42.944595
